{"train": [[[-0.9999021291732788, 0.004192245192825794, -0.013345719315111637, -0.013347710453728604], [-0.013988680206239223, -0.2996590733528137, 0.95394366979599, 0.954086006367249], [-4.6566125955216364e-10, 0.9540371894836426, 0.29968830943107605, 0.2997330120920944], [0.0, 0.0, 0.0, 1.0]], [[-0.9305422306060791, 0.11707554012537003, -0.34696459770202637, -0.3470163428424053], [-0.3661845624446869, -0.29751041531562805, 0.8817006945610046, 0.8818322817868521], [7.450580596923828e-09, 0.9475130438804626, 0.3197172284126282, 0.3197649134056501], [0.0, 0.0, 0.0, 1.0]], [[0.44296368956565857, 0.31377720832824707, -0.8398374915122986, -0.839962768984328], [-0.8965398073196411, 0.1550314873456955, -0.41494810581207275, -0.4150100028038611], [0.0, 0.936754584312439, 0.3499869406223297, 0.35003915940955654], [0.0, 0.0, 0.0, 1.0]], [[0.7956317663192749, 0.5209259986877441, -0.3092023432254791, -0.3092484528484034], [-0.6057804822921753, 0.6841839551925659, -0.40610620379447937, -0.4061667492839507], [-1.4901160305669237e-08, 0.5104197263717651, 0.859925389289856, 0.8600535572951851], [0.0, 0.0, 0.0, 1.0]], [[-0.6566542387008667, -0.2367822676897049, 0.7160581350326538, 0.7161649687730328], [0.7541918158531189, -0.20615985989570618, 0.6234523057937622, 0.62354533441071], [-1.4901162970204496e-08, 0.9494377374649048, 0.3139549791812897, 0.31400182546733973], [0.0, 0.0, 0.0, 1.0]], [[-0.12173833698034286, 0.6862695217132568, -0.7170870900154114, -0.7171939976078452], [-0.9925621747970581, -0.084171362221241, 0.08795115351676941, 0.08796426378535438], [0.0, 0.7224606275558472, 0.691412091255188, 0.6915151852145427], [0.0, 0.0, 0.0, 1.0]], [[0.6570732593536377, -0.5113321542739868, 0.5538899302482605, 0.553972550555271], [0.7538267374038696, 0.44570285081863403, -0.482798308134079, -0.4828703314826273], [-1.4901161193847656e-08, 0.7347709536552429, 0.6783151626586914, 0.678416362717876], [0.0, 0.0, 0.0, 1.0]], [[0.9045066833496094, 0.42524266242980957, -0.03219788148999214, -0.03220268425330341], [-0.42645999789237976, 0.9019248485565186, -0.0682905837893486, -0.06830076851820084], [0.0, 0.07550014555454254, 0.9971457123756409, 0.9972944515493994], [0.0, 0.0, 0.0, 1.0]], [[0.159989595413208, 0.33046624064445496, -0.930158793926239, -0.9302974340530699], [-0.9871187806129456, 0.05356109142303467, -0.15075767040252686, -0.150780141802019], [0.0, 0.9422966241836548, 0.33477866649627686, 0.3348285681497948], [0.0, 0.0, 0.0, 1.0]], [[-0.23337772488594055, 0.4425659775733948, -0.8658348321914673, -0.8659640253980122], [-0.9723862409591675, -0.106218121945858, 0.2078048437833786, 0.20783585996311207], [7.450581485102248e-09, 0.8904227614402771, 0.45513394474983215, 0.4552018425034575], [0.0, 0.0, 0.0, 1.0]], [[0.5218666791915894, 0.18684424459934235, -0.8323125243186951, -0.8324367090479532], [-0.8530269861221313, 0.1143079623579979, -0.5091939568519592, -0.5092699550317475], [-7.450580152834618e-09, 0.9757166504859924, 0.21903665363788605, 0.21906933108393484], [0.0, 0.0, 0.0, 1.0]], [[-0.9757387042045593, -0.1752375364303589, 0.13124708831310272, 0.13126665901618786], [0.21893836557865143, -0.7809780240058899, 0.5849266052246094, 0.5850137767771688], [-7.450580596923828e-09, 0.599470317363739, 0.8003968596458435, 0.8005161707066322], [0.0, 0.0, 0.0, 1.0]], [[-0.9713073372840881, 0.20477892458438873, -0.12094450742006302, -0.12096254361068685], [-0.23782765865325928, -0.8363336324691772, 0.4939471185207367, 0.49402079589429565], [7.450580596923828e-09, 0.5085383653640747, 0.8610391616821289, 0.861167589259201], [0.0, 0.0, 0.0, 1.0]], [[0.842908501625061, -0.09502743184566498, 0.5295988917350769, 0.529677981882562], [0.5380570292472839, 0.1488679051399231, -0.8296582102775574, -0.8297820323378641], [7.450582373280668e-09, 0.9842802286148071, 0.17661219835281372, 0.17663855805826117], [0.0, 0.0, 0.0, 1.0]], [[-0.06348517537117004, 0.8717355132102966, -0.48584654927253723, -0.48591890926256087], [-0.9979828596115112, -0.05545414239168167, 0.030906395986676216, 0.03091100048150694], [0.0, 0.4868285059928894, 0.8734976053237915, 0.8736277347997015], [0.0, 0.0, 0.0, 1.0]], [[-0.6865485906600952, -0.3086281418800354, 0.6583309769630432, 0.6584290924836412], [0.7270838618278503, -0.2914219796657562, 0.6216287612915039, 0.6217214050538117], [0.0, 0.9054401516914368, 0.42447394132614136, 0.4245372150443117], [0.0, 0.0, 0.0, 1.0]], [[0.1303573101758957, 0.5973315834999084, -0.7913291454315186, -0.7914471590499051], [-0.9914670586585999, 0.07853669673204422, -0.10404333472251892, -0.10405885505458065], [7.4505797087454084e-09, 0.7981396317481995, 0.6024724841117859, 0.6025623385857419], [0.0, 0.0, 0.0, 1.0]], [[0.28662192821502686, -0.25357696413993835, 0.9238758683204651, 0.9240135910361628], [0.95804363489151, 0.07586367428302765, -0.27639979124069214, -0.27644100120317583], [0.0, 0.9643357992172241, 0.26468199491500854, 0.2647214535594247], [0.0, 0.0, 0.0, 1.0]], [[-0.09750017523765564, -0.9662678837776184, 0.23836952447891235, 0.23840508812050215], [0.9952355623245239, -0.09466229379177094, 0.023352332413196564, 0.02335581499485959], [-1.862645371275562e-09, 0.23951059579849243, 0.9708935618400574, 0.971038422360851], [0.0, 0.0, 0.0, 1.0]], [[0.5655173659324646, -0.2501452565193176, 0.785886287689209, 0.786003587049238], [0.824736475944519, 0.17152325809001923, -0.5388780236244202, -0.5389584070283451], [0.0, 0.9528940916061401, 0.30330324172973633, 0.30334848443620505], [0.0, 0.0, 0.0, 1.0]], [[0.8422731161117554, -0.25616011023521423, 0.47429731488227844, 0.4743680960837041], [0.5390509963035583, 0.40025293827056885, -0.7410947680473328, -0.7412052816697289], [1.4901161193847656e-08, 0.8798747658729553, 0.4752056300640106, 0.4752765411475482], [0.0, 0.0, 0.0, 1.0]], [[0.9048084616661072, 0.3769117295742035, -0.19813841581344604, -0.19816798144482842], [-0.4258182942867279, 0.8008883595466614, -0.4210183322429657, -0.4210811605381994], [0.0, 0.4653121531009674, 0.8851465582847595, 0.8852786647469486], [0.0, 0.0, 0.0, 1.0]], [[-0.4602559506893158, -0.5367125272750854, 0.7071803212165833, 0.7072857796922378], [0.8877863883972168, -0.2782483994960785, 0.3666241765022278, 0.36667886208197925], [0.0, 0.79656583070755, 0.6045514941215515, 0.6046416914025575], [0.0, 0.0, 0.0, 1.0]], [[-0.4675160050392151, 0.5285975337028503, -0.7085289359092712, -0.7086346498072198], [-0.8839846849441528, -0.27956119179725647, 0.37472212314605713, 0.3747780276671285], [0.0, 0.8015172481536865, 0.5979713797569275, 0.5980606036227778], [0.0, 0.0, 0.0, 1.0]], [[0.7739522457122803, 0.3597180247306824, -0.5211533308029175, -0.5212310842897417], [-0.633243978023529, 0.43964818120002747, -0.6369547843933105, -0.6370498294613629], [0.0, 0.8229900002479553, 0.5680558681488037, 0.5681406260536661], [0.0, 0.0, 0.0, 1.0]], [[-0.1613457202911377, -0.3997095823287964, 0.9023300409317017, 0.9024646766745972], [0.9868979454040527, -0.06534761935472488, 0.14751990139484406, 0.14754190411741672], [3.725290298461914e-09, 0.914309561252594, 0.40501609444618225, 0.4050765264775579], [0.0, 0.0, 0.0, 1.0]], [[-0.9752575755119324, -0.03920060023665428, 0.21756869554519653, 0.21760117856809064], [0.22107207775115967, -0.17293313145637512, 0.959802508354187, 0.9599457801891246], [3.725291186640334e-09, 0.9841530323028564, 0.1773204654455185, 0.1773469322565876], [0.0, 0.0, 0.0, 1.0]], [[-0.9902960658073425, 0.09176139533519745, -0.10437163710594177, -0.1043872143936266], [-0.13897335529327393, -0.653873085975647, 0.7437312006950378, 0.7438421532706389], [0.0, 0.7510190010070801, 0.6602804064750671, 0.6603788998217123], [0.0, 0.0, 0.0, 1.0]], [[0.7852338552474976, -0.33010706305503845, 0.5238673686981201, 0.523945446565152], [0.619199275970459, 0.41862332820892334, -0.6643393039703369, -0.6644383464081594], [-1.4901161193847656e-08, 0.8460398316383362, 0.5331193804740906, 0.5331988387046399], [0.0, 0.0, 0.0, 1.0]], [[0.8931811451911926, 0.20586316287517548, -0.3998092710971832, -0.3998689461149962], [-0.4496966600418091, 0.4088825285434723, -0.7940955758094788, -0.7942140493550528], [0.0, 0.8890644311904907, 0.45778217911720276, 0.45785048558850916], [0.0, 0.0, 0.0, 1.0]], [[-0.28673890233039856, -0.8562213182449341, 0.42972761392593384, 0.42979170388387994], [0.9580087661743164, -0.25627318024635315, 0.12862055003643036, 0.12863973993893024], [0.0, 0.44856342673301697, 0.8937509655952454, 0.8938842703395274], [0.0, 0.0, 0.0, 1.0]], [[-0.15501070022583008, 0.9340340495109558, -0.32179462909698486, -0.32184263950983305], [-0.9879127740859985, -0.14655674993991852, 0.05049192160367966, 0.050499452537257634], [0.0, 0.32573172450065613, 0.9454621076583862, 0.9456031436369509], [0.0, 0.0, 0.0, 1.0]], [[6.262858369154856e-05, 0.2115788757801056, -0.9773608446121216, -0.9775065867073326], [-1.0, 1.3250885785964783e-05, -6.121072510723025e-05, -6.121985832044656e-05], [0.0, 0.977360725402832, 0.21157889068126678, 0.21161045437928788], [0.0, 0.0, 0.0, 1.0]], [[0.7431973218917847, -0.5280798077583313, 0.41083988547325134, 0.41090119288316185], [0.6690723896026611, 0.5865845680236816, -0.45635589957237244, -0.4564240064926538], [0.0, 0.6140441298484802, 0.7892715334892273, 0.789389337993027], [0.0, 0.0, 0.0, 1.0]], [[-0.7566119432449341, 0.34157976508140564, -0.5575495362281799, -0.5576326539787025], [-0.6538640260696411, -0.39525550603866577, 0.6451627016067505, 0.6452588720906984], [0.0, 0.8526995182037354, 0.5224018096923828, 0.5224796897533667], [0.0, 0.0, 0.0, 1.0]], [[-0.3977896273136139, 0.3703862130641937, -0.8393910527229309, -0.8395162215783727], [-0.9174765944480896, -0.1605880707502365, 0.36393412947654724, 0.3639884272705655], [0.0, 0.9148910045623779, 0.40370094776153564, 0.4037611666428082], [0.0, 0.0, 0.0, 1.0]], [[0.7656703591346741, -0.4731243848800659, 0.4357779026031494, 0.43584286784113346], [0.6432332992553711, 0.5631817579269409, -0.5187265872955322, -0.5188039107354753], [2.9802322387695312e-08, 0.6774802803993225, 0.7355409264564514, 0.7356505608313626], [0.0, 0.0, 0.0, 1.0]], [[-0.46346598863601685, -0.8589088916778564, 0.21788735687732697, 0.21791986636112073], [0.8861148357391357, -0.4492363929748535, 0.11396194994449615, 0.11397895536655456], [0.0, 0.24589067697525024, 0.9692974090576172, 0.9694420553129618], [0.0, 0.0, 0.0, 1.0]], [[-0.8262399435043335, 0.21388964354991913, -0.5211319327354431, -0.5212097299893643], [-0.5633181929588318, -0.3137199878692627, 0.7643638849258423, 0.764477979043209], [1.4901159417490817e-08, 0.9251114130020142, 0.379695862531662, 0.37975251489773004], [0.0, 0.0, 0.0, 1.0]], [[-0.9966232180595398, 0.07444921135902405, -0.034631188958883286, -0.034636353566878005], [-0.0821097195148468, -0.9036423563957214, 0.4203430414199829, 0.42040571987653547], [0.0, 0.4217672348022461, 0.9067041277885437, 0.9068392914394692], [0.0, 0.0, 0.0, 1.0]], [[-0.43798157572746277, 0.34720170497894287, -0.8292303085327148, -0.8293540590325141], [-0.8989840149879456, -0.16915534436702728, 0.4039978086948395, 0.4040580860631543], [-1.4901162970204496e-08, 0.9224082231521606, 0.3862156867980957, 0.38627332558032235], [0.0, 0.0, 0.0, 1.0]], [[-0.994414210319519, 0.020834490656852722, -0.10347139835357666, -0.10348683634561077], [-0.10554812848567963, -0.19629064202308655, 0.9748483896255493, 0.974993818491996], [3.7252898543727042e-09, 0.980324387550354, 0.19739322364330292, 0.19742268086974113], [0.0, 0.0, 0.0, 1.0]], [[-0.9928660988807678, -0.019224023446440697, 0.11767476052045822, 0.11769231884040826], [0.11923471093177795, -0.160078227519989, 0.9798763990402222, 0.9800226083479343], [0.0, 0.9869171380996704, 0.16122838854789734, 0.16125244450543796], [0.0, 0.0, 0.0, 1.0]], [[0.6021551489830017, -0.635220468044281, 0.48363634943962097, 0.48370847298414815], [0.7983791828155518, 0.47909730672836304, -0.36476919054985046, -0.36482361111275424], [-1.4901162970204496e-08, 0.6057727932929993, 0.7956376075744629, 0.7957562912371653], [0.0, 0.0, 0.0, 1.0]], [[0.49585968255996704, 0.7388696670532227, -0.45628345012664795, -0.45635148468583153], [-0.8684027194976807, 0.4218960702419281, -0.260538786649704, -0.2605776249522338], [0.0, 0.5254283547401428, 0.850837767124176, 0.85096461101456], [0.0, 0.0, 0.0, 1.0]], [[-0.5594503879547119, 0.5238707065582275, -0.6423196196556091, -0.6424154375620369], [-0.8288636207580566, -0.3535921573638916, 0.4335405230522156, 0.4336052210968657], [0.0, 0.774940013885498, 0.6320346593856812, 0.6321289350178584], [0.0, 0.0, 0.0, 1.0]], [[0.9999964833259583, -0.0018918740097433329, 0.0018659689230844378, 0.001866247107594027], [0.0026572593487799168, 0.7119618654251099, -0.7022131085395813, -0.7023177993121668], [0.0, 0.7022156119346619, 0.7119643688201904, 0.712070503500094], [0.0, 0.0, 0.0, 1.0]], [[-0.9168165326118469, -0.3853738605976105, 0.1045677587389946, 0.10458334417808422], [0.3993086814880371, -0.8848220705986023, 0.2400885820388794, 0.24012437549023205], [-7.450580596923828e-09, 0.26187196373939514, 0.9651026129722595, 0.9652464972440531], [0.0, 0.0, 0.0, 1.0]], [[0.9999156594276428, -0.012454096227884293, 0.003698349231854081, 0.0036989009818541685], [0.012991628609597683, 0.9585439562797546, -0.28464773297309875, -0.28469020884624074], [0.0, 0.2846718430519104, 0.9586248993873596, 0.9587679219367227], [0.0, 0.0, 0.0, 1.0]], [[0.3739576041698456, -0.8564794659614563, 0.355806440114975, 0.3558595076325357], [0.9274457693099976, 0.34534314274787903, -0.1434655636548996, -0.14348696796145105], [0.0, 0.38364118337631226, 0.9234821200370789, 0.9236198674258781], [0.0, 0.0, 0.0, 1.0]], [[-0.9326562881469727, -0.22499777376651764, 0.2820070683956146, 0.2820491373690792], [0.36076587438583374, -0.5816670060157776, 0.7290481328964233, 0.7291569014614386], [0.0, 0.7816899418830872, 0.6236670017242432, 0.6237600604782181], [0.0, 0.0, 0.0, 1.0]], [[-0.8471797108650208, 0.14040516316890717, -0.5124186873435974, -0.5124951050738055], [-0.5313065052032471, -0.22387906908988953, 0.8170626759529114, 0.8171845330979826], [7.450580596923828e-09, 0.9644504189491272, 0.26426392793655396, 0.26430332925965055], [0.0, 0.0, 0.0, 1.0]], [[0.5719919204711914, 0.34370848536491394, -0.7447749376296997, -0.7448860295552981], [-0.8202593326568604, 0.23967842757701874, -0.5193543434143066, -0.5194318218116728], [-1.4901161193847656e-08, 0.9079751372337341, 0.4190240800380707, 0.4190866038144341], [0.0, 0.0, 0.0, 1.0]], [[0.2079109102487564, 0.16523794829845428, -0.9640897512435913, -0.9642336763823804], [-0.9781477451324463, 0.03512227535247803, -0.20492282509803772, -0.20495339911956398], [0.0, 0.9856281876564026, 0.16892938315868378, 0.168954603478444], [0.0, 0.0, 0.0, 1.0]], [[-0.30069300532341003, 0.47792527079582214, -0.8253307938575745, -0.8254539711308788], [-0.9537210464477539, -0.15068218111991882, 0.26021358370780945, 0.2602524303086732], [7.450581485102248e-09, 0.865379810333252, 0.5011162757873535, 0.5011911085662096], [0.0, 0.0, 0.0, 1.0]], [[0.9331966042518616, -0.07844070345163345, 0.3507014811038971, 0.35075381863396365], [0.35936686396598816, 0.2036931961774826, -0.9106943607330322, -0.9108302977889722], [0.0, 0.9758873581886292, 0.21827469766139984, 0.2183072753687314], [0.0, 0.0, 0.0, 1.0]], [[-0.5703680515289307, 0.8067229390144348, -0.15452639758586884, -0.15454944200799042], [-0.8213893175125122, -0.5601838231086731, 0.1073022410273552, 0.10731825479170388], [-7.450581485102248e-09, 0.18812799453735352, 0.9821443557739258, 0.9822908964428823], [0.0, 0.0, 0.0, 1.0]], [[-0.9822137355804443, -0.1677587628364563, 0.08433839678764343, 0.08435097271500114], [0.1877657026052475, -0.8775561451911926, 0.44117921590805054, 0.44124497345796515], [0.0, 0.4491681456565857, 0.89344722032547, 0.8935804004197511], [0.0, 0.0, 0.0, 1.0]], [[-0.33302783966064453, 0.7478148937225342, -0.5743390321731567, -0.5744247648365065], [-0.942916989326477, -0.2641199231147766, 0.20285020768642426, 0.2028804792117956], [1.4901161193847656e-08, 0.6091088652610779, 0.7930864095687866, 0.7932047776845786], [0.0, 0.0, 0.0, 1.0]], [[-0.281668484210968, -0.5504832863807678, 0.7858948111534119, 0.7860121051081143], [0.9595119953155518, -0.16159653663635254, 0.2307024747133255, 0.23073691265322155], [2.980232949312267e-08, 0.8190569877624512, 0.5737118721008301, 0.573797504445362], [0.0, 0.0, 0.0, 1.0]], [[-0.7199268341064453, 0.1475599855184555, -0.6781823039054871, -0.678283445507493], [-0.6940498948097229, -0.1530616134405136, 0.7034676671028137, 0.703572615860389], [0.0, 0.9771378040313721, 0.21260713040828705, 0.21263884731734384], [0.0, 0.0, 0.0, 1.0]], [[-0.999970555305481, 0.0056571876630187035, -0.005176835227757692, -0.005177607258036848], [-0.007668337319046259, -0.7377116084098816, 0.6750723719596863, 0.6751730526475191], [-4.6566125955216364e-10, 0.675092339515686, 0.7377331852912903, 0.7378432511537829], [0.0, 0.0, 0.0, 1.0]], [[-0.26151391863822937, 0.9203336238861084, -0.2908549904823303, -0.2908983949374337], [-0.9651997685432434, -0.24935775995254517, 0.07880505919456482, 0.07881681500314104], [0.0, 0.3013418912887573, 0.9535160660743713, 0.9536583288278323], [0.0, 0.0, 0.0, 1.0]], [[0.7933608889579773, -0.19958896934986115, 0.5751021504402161, 0.5751880184037395], [0.6087514758110046, 0.2601161301136017, -0.7495071291923523, -0.7496189943248432], [0.0, 0.9447240233421326, 0.3278660476207733, 0.32791498030790417], [0.0, 0.0, 0.0, 1.0]], [[-0.978050947189331, 0.035429153591394424, -0.2053319364786148, -0.20536256171156198], [-0.20836612582206726, -0.16630110144615173, 0.9638087749481201, 0.9639525212862743], [0.0, 0.9854384064674377, 0.17003315687179565, 0.17005852024754425], [0.0, 0.0, 0.0, 1.0]], [[0.980037271976471, -0.039007220417261124, 0.1949501633644104, 0.1949792549774449], [0.19881437718868256, 0.1922825276851654, -0.9609890580177307, -0.961132452266336], [0.0, 0.9805640578269958, 0.1961991786956787, 0.19622845197293623], [0.0, 0.0, 0.0, 1.0]], [[-0.7107512354850769, 0.5660614967346191, -0.41762080788612366, -0.41768307615499556], [-0.7034435272216797, -0.5719420313835144, 0.42195925116539, 0.42202216943128945], [-1.4901161193847656e-08, 0.5936806797981262, 0.8047007322311401, 0.8048206889453342], [0.0, 0.0, 0.0, 1.0]], [[-0.9999840259552002, 0.002792684594169259, -0.004916718229651451, -0.0049174515431883335], [-0.005654485896229744, -0.4938804805278778, 0.8695113658905029, 0.8696410466328232], [-2.3283064365386963e-10, 0.8695253133773804, 0.49388837814331055, 0.49396202720336746], [0.0, 0.0, 0.0, 1.0]], [[0.5215556025505066, -0.4440380930900574, 0.7285671234130859, 0.7286756311349248], [0.8532173037528992, 0.2714320719242096, -0.4453592896461487, -0.4454256249238403], [0.0, 0.8539056777954102, 0.520427942276001, 0.5205054521492127], [0.0, 0.0, 0.0, 1.0]], [[0.23253430426120758, 0.1524328589439392, -0.9605684280395508, -0.960711754802943], [-0.9725881814956665, 0.03644489124417305, -0.2296605259180069, -0.2296947961758648], [0.0, 0.9876416325569153, 0.1567290723323822, 0.15675245456147968], [0.0, 0.0, 0.0, 1.0]], [[0.9624335765838623, -0.0828590914607048, 0.2585652470588684, 0.25860383099697964], [0.271517276763916, 0.29370641708374023, -0.9165231585502625, -0.9166599034856607], [7.450580596923828e-09, 0.9522977471351624, 0.30517053604125977, 0.30521606884484476], [0.0, 0.0, 0.0, 1.0]], [[0.9513999223709106, 0.2087290734052658, -0.22642995417118073, -0.2264637160268461], [-0.30795836448669434, 0.6448430418968201, -0.6995278000831604, -0.699632067179091], [0.0, 0.7352615594863892, 0.6777834296226501, 0.6778844572635973], [0.0, 0.0, 0.0, 1.0]], [[0.327425479888916, -0.3260418772697449, 0.8868421316146851, 0.8869744683015819], [0.9448769688606262, 0.1129823550581932, -0.3073148727416992, -0.3073607267797124], [7.450580596923828e-09, 0.9385794997215271, 0.3450627624988556, 0.3451142425493604], [0.0, 0.0, 0.0, 1.0]], [[0.6466457843780518, -0.411295086145401, 0.6424060463905334, 0.6425018603677198], [0.7627904415130615, 0.3486701250076294, -0.5445914268493652, -0.5446726640110829], [-1.4901161193847656e-08, 0.8421789407730103, 0.5391979217529297, 0.5392783666148879], [0.0, 0.0, 0.0, 1.0]], [[-0.7232142090797424, -0.2793499827384949, 0.6316049695014954, 0.6316991279637225], [0.6906238794326782, -0.29253241419792175, 0.6614102125167847, 0.6615087848397481], [-1.4901161193847656e-08, 0.9145427346229553, 0.4044893682003021, 0.40454964904414364], [0.0, 0.0, 0.0, 1.0]], [[-0.9798774719238281, 0.03400515764951706, -0.19668209552764893, -0.1967114377418626], [-0.19960011541843414, -0.16693821549415588, 0.9655523300170898, 0.9656963572284603], [3.725290298461914e-09, 0.9853807687759399, 0.17036640644073486, 0.17039181887767477], [0.0, 0.0, 0.0, 1.0]], [[0.9977990984916687, 0.025931671261787415, -0.061029233038425446, -0.06103833584931554], [-0.06631002575159073, 0.39020639657974243, -0.9183363914489746, -0.9184733627285235], [0.0, 0.920362114906311, 0.3910670876502991, 0.3911254248677631], [0.0, 0.0, 0.0, 1.0]], [[-0.30372685194015503, -0.8604698181152344, 0.40907466411590576, 0.4091355885682918], [0.9527590870857239, -0.2743062376976013, 0.13040752708911896, 0.13042694995522103], [-7.4505792646561986e-09, 0.4293579161167145, 0.9031345248222351, 0.9032690417065458], [0.0, 0.0, 0.0, 1.0]], [[-0.6693150401115417, 0.18098634481430054, -0.7205978631973267, -0.7207053307668737], [-0.7429786920547485, -0.16304218769073486, 0.6491531729698181, 0.6492499967465748], [7.450580152834618e-09, 0.9698768854141235, 0.24359560012817383, 0.2436319228453156], [0.0, 0.0, 0.0, 1.0]], [[-0.9993038773536682, -0.0326223149895668, 0.018094748258590698, 0.018097446075955058], [0.037304628640413284, -0.8738756775856018, 0.4847160875797272, 0.48478834398287873], [0.0, 0.48505374789237976, 0.8744843602180481, 0.8746147057188118], [0.0, 0.0, 0.0, 1.0]], [[0.392103374004364, -0.6728718876838684, 0.6272944808006287, 0.6273880437213033], [0.9199212789535522, 0.2868020832538605, -0.2673753499984741, -0.2674152305258837], [0.0, 0.6819003224372864, 0.7314450144767761, 0.7315541435032646], [0.0, 0.0, 0.0, 1.0]], [[-0.8941853046417236, 0.14062994718551636, -0.4250359833240509, -0.42509940693015075], [-0.4476967453956604, -0.2808804214000702, 0.8489249348640442, 0.8490515969585798], [-1.4901159417490817e-08, 0.9493837356567383, 0.3141186833381653, 0.3141655319113696], [0.0, 0.0, 0.0, 1.0]], [[-0.9460078477859497, 0.30761945247650146, -0.1021728664636612, -0.102188113344604], [-0.32414349913597107, -0.8977826833724976, 0.2981899380683899, 0.2982344252617233], [-7.450580152834618e-09, 0.31520867347717285, 0.9490222334861755, 0.9491638105536384], [0.0, 0.0, 0.0, 1.0]], [[-0.048472676426172256, 0.48035264015197754, -0.8757348656654358, -0.8758654998503425], [-0.9988245368003845, -0.023311378434300423, 0.04249916598200798, 0.04250550568284664], [0.0, 0.8767656087875366, 0.48091793060302734, 0.4809896446431466], [0.0, 0.0, 0.0, 1.0]], [[0.9660431146621704, -0.19308900833129883, 0.17168912291526794, 0.17171472074372118], [0.25838056206703186, 0.721928596496582, -0.641917884349823, -0.6420136099651824], [0.0, 0.6644815802574158, 0.7473046779632568, 0.747416070501134], [0.0, 0.0, 0.0, 1.0]], [[-0.14186327159404755, 0.16584104299545288, -0.9758951663970947, -0.976040711589174], [-0.9898861646652222, -0.023767130449414253, 0.1398581713438034, 0.13987903764863718], [-1.8626449271863521e-09, 0.9858660101890564, 0.1675354540348053, 0.1675604515990881], [0.0, 0.0, 0.0, 1.0]], [[0.7959837317466736, -0.5319463610649109, 0.28886470198631287, 0.2889077719005801], [0.6053178310394287, 0.6995013952255249, -0.3798527419567108, -0.37990935957210953], [1.4901159417490817e-08, 0.4772116243839264, 0.878788411617279, 0.8789194014170738], [0.0, 0.0, 0.0, 1.0]], [[0.44463157653808594, 0.7389402389526367, -0.5062311887741089, -0.506306794453324], [-0.8957135677337646, 0.3668093979358673, -0.25129279494285583, -0.2513303255909699], [0.0, 0.5651710033416748, 0.8249736428260803, 0.8250967450367519], [0.0, 0.0, 0.0, 1.0]], [[-0.9978623390197754, 0.06534235179424286, -0.0011283496860414743, -0.0011285180248632675], [-0.06535211205482483, -0.9977133870124817, 0.017228789627552032, 0.017231360239357455], [1.1641533570472262e-10, 0.01726444624364376, 0.9998508095741272, 1.0], [0.0, 0.0, 0.0, 1.0]], [[0.9958323836326599, 0.01890719123184681, -0.08922121673822403, -0.08923452670943836], [-0.09120257198810577, 0.2064458727836609, -0.9741981625556946, -0.9743434292048747], [1.862645149230957e-09, 0.9782753586769104, 0.20730984210968018, 0.2073407625792209], [0.0, 0.0, 0.0, 1.0]], [[0.08438806980848312, 0.515834391117096, -0.8525217175483704, -0.8526489388509849], [-0.996432900428772, 0.04368609935045242, -0.07220020890235901, -0.0722109790089002], [0.0, 0.8555737137794495, 0.5176808834075928, 0.5177581415488434], [0.0, 0.0, 0.0, 1.0]], [[0.9833630323410034, -0.17399616539478302, 0.0521787591278553, 0.05218653839100967], [0.18165156245231628, 0.941920816898346, -0.2824675142765045, -0.2825096153504886], [7.450580596923828e-09, 0.2872464954853058, 0.9578567147254944, 0.9579995220422519], [0.0, 0.0, 0.0, 1.0]], [[0.8475822806358337, 0.40216803550720215, -0.3462150990962982, -0.34626672408469317], [-0.5306636095046997, 0.6423475742340088, -0.5529788732528687, -0.5530612957150615], [0.0, 0.6524189114570618, 0.7578585147857666, 0.757971483431784], [0.0, 0.0, 0.0, 1.0]], [[0.47693684697151184, 0.7483181953430176, -0.4610324203968048, -0.4611012785369761], [-0.8789376616477966, 0.40605899691581726, -0.2501694858074188, -0.25020682911709136], [-1.4901162970204496e-08, 0.5245338082313538, 0.8513893485069275, 0.8515164510927369], [0.0, 0.0, 0.0, 1.0]], [[-0.47700220346450806, 0.4823406934738159, -0.7347218990325928, -0.7348314666559402], [-0.8789020776748657, -0.2617783844470978, 0.39875197410583496, 0.39881149417400263], [1.4901161193847656e-08, 0.8359542489051819, 0.5487990379333496, 0.5488809400151196], [0.0, 0.0, 0.0, 1.0]], [[0.4534713625907898, -0.11268522590398788, 0.8841186165809631, 0.8842504049035625], [0.8912707567214966, 0.0573333315551281, -0.44983240962028503, -0.44989946915930307], [0.0, 0.9919750690460205, 0.12643210589885712, 0.1264509537268282], [0.0, 0.0, 0.0, 1.0]], [[-0.5146697163581848, 0.42225345969200134, -0.746201753616333, -0.7463130410298333], [-0.8573886156082153, -0.2534685730934143, 0.44792690873146057, 0.4479937309452798], [0.0, 0.8703193664550781, 0.49248775839805603, 0.4925612501671078], [0.0, 0.0, 0.0, 1.0]], [[-0.08526185154914856, 0.49009639024734497, -0.8674881458282471, -0.8676175935773837], [-0.9963586330413818, -0.04193924367427826, 0.07423397153615952, 0.07424504266719352], [0.0, 0.8706587553024292, 0.49188748002052307, 0.4919608748992917], [0.0, 0.0, 0.0, 1.0]], [[0.9965562224388123, 0.03072894550859928, -0.07701651006937027, -0.07702799306251427], [-0.08292051404714584, 0.3693069517612457, -0.9256006479263306, -0.9257386162649969], [0.0, 0.9287989139556885, 0.37058329582214355, 0.3706385468191557], [0.0, 0.0, 0.0, 1.0]], [[0.4406329095363617, -0.730517566204071, 0.5217151045799255, 0.5217929804096476], [0.8976874351501465, 0.35857704281806946, -0.2560856342315674, -0.25612386322363573], [-1.4901161193847656e-08, 0.5811769366264343, 0.8137770891189575, 0.8138985144268707], [0.0, 0.0, 0.0, 1.0]]], "val": [[[-0.9999999403953552, 0.0, 0.0, 0.0], [0.0, -0.7341099977493286, 0.6790305972099304, 0.6843297915091828], [0.0, 0.6790306568145752, 0.7341098785400391, 0.7398388875530537], [0.0, 0.0, 0.0, 1.0]], [[-0.9980266690254211, 0.04609515145421028, -0.0426366850733757, -0.042969423826421806], [-0.06279051303863525, -0.7326614856719971, 0.6776906847953796, 0.682979419144972], [-3.7252896323280993e-09, 0.67903071641922, 0.7341098785400391, 0.7398388875530537], [0.0, 0.0, 0.0, 1.0]], [[-0.9921147227287292, 0.09199368953704834, -0.08512099832296371, -0.0857852804226585], [-0.12533323466777802, -0.7282050251960754, 0.6738020777702332, 0.6790603887951817], [0.0, 0.6791574954986572, 0.7339926958084106, 0.7397207485980387], [0.0, 0.0, 0.0, 1.0]], [[-0.9822872281074524, 0.13747061789035797, -0.1273326277732849, -0.12832632387454762], [-0.1873813271522522, -0.72064608335495, 0.6675009727478027, 0.6727100921305031], [1.4901158529312397e-08, 0.6795374751091003, 0.7336407899856567, 0.73936609330927], [0.0, 0.0, 0.0, 1.0]], [[-0.9685832262039185, 0.18230323493480682, -0.1691514402627945, -0.17047147218423667], [-0.2486899346113205, -0.7100241184234619, 0.6588013172149658, 0.6639425365446943], [7.450580596923828e-09, 0.6801700592041016, 0.7330543994903564, 0.7387750408986095], [0.0, 0.0, 0.0, 1.0]], [[-0.9510563611984253, 0.22627252340316772, -0.21045725047588348, -0.2120996880583213], [-0.30901697278022766, -0.6963951587677002, 0.6477208137512207, 0.6527756634229516], [1.4901157641133977e-08, 0.6810540556907654, 0.7322331070899963, 0.7379474721541952], [0.0, 0.0, 0.0, 1.0]], [[-0.9297765493392944, 0.26916420459747314, -0.25112995505332947, -0.25308982244227674], [-0.3681245744228363, -0.6798312067985535, 0.6342818737030029, 0.6392319442012191], [0.0, 0.6821876168251038, 0.7311769723892212, 0.7368832082582348], [0.0, 0.0, 0.0, 1.0]], [[-0.9048270583152771, 0.3107704222202301, -0.2910493016242981, -0.2933206964786127], [-0.4257793128490448, -0.6604207754135132, 0.6185112595558167, 0.6233382015483951], [0.0, 0.6835686564445496, 0.7298861145973206, 0.735582249210728], [0.0, 0.0, 0.0, 1.0]], [[-0.8763065338134766, 0.35089027881622314, -0.3300948739051819, -0.3326709524920465], [-0.4817536473274231, -0.638266921043396, 0.600440263748169, 0.6051261458197109], [1.4901159417490817e-08, 0.6851942539215088, 0.7283602356910706, 0.7340444161938823], [0.0, 0.0, 0.0, 1.0]], [[-0.844327986240387, 0.38933128118515015, -0.36814600229263306, -0.371019024186537], [-0.5358268618583679, -0.6134878993034363, 0.580105185508728, 0.5846323750567299], [0.0, 0.6870615482330322, 0.7265990972518921, 0.732269530389905], [0.0, 0.0, 0.0, 1.0]], [[-0.8090169429779053, 0.4259108901023865, -0.4050821363925934, -0.40824337506900876], [-0.5877853631973267, -0.5862159132957458, 0.5575476288795471, 0.5618987326229339], [1.4901161193847656e-08, 0.6891667246818542, 0.7246027588844299, 0.7302575321928652], [0.0, 0.0, 0.0, 1.0]], [[-0.7705134153366089, 0.4604564607143402, -0.44078242778778076, -0.4442222898285936], [-0.637424111366272, -0.5565961599349976, 0.5328143835067749, 0.5369724264155842], [1.4901164746561335e-08, 0.6915057897567749, 0.7223708629608154, 0.7280082427849702], [0.0, 0.0, 0.0, 1.0]], [[-0.7289685606956482, 0.49280792474746704, -0.4751264452934265, -0.4788343809870432], [-0.6845472455024719, -0.5247870087623596, 0.5059581398963928, 0.5099066845309616], [-1.4901162970204496e-08, 0.6940741539001465, 0.7199034094810486, 0.7255216025602893], [0.0, 0.0, 0.0, 1.0]], [[-0.6845470070838928, 0.5228167772293091, -0.5079940557479858, -0.5119584994898329], [-0.7289686799049377, -0.4909575283527374, 0.47703805565834045, 0.4807609042791932], [0.0, 0.6968668103218079, 0.7172004580497742, 0.7227975519128914], [0.0, 0.0, 0.0, 1.0]], [[-0.6374239325523376, 0.5503484010696411, -0.5392656326293945, -0.543474062538781], [-0.7705134153366089, -0.4552876353263855, 0.44611918926239014, 0.4496006819872188], [0.0, 0.6998783946037292, 0.7142620086669922, 0.7198360908427766], [0.0, 0.0, 0.0, 1.0]], [[-0.587785005569458, 0.5752823352813721, -0.5688223242759705, -0.5732614708335663], [-0.8090171217918396, -0.4179668426513672, 0.4132733941078186, 0.4164986176788568], [0.0, 0.7031029462814331, 0.7110879421234131, 0.7166373385618066], [0.0, 0.0, 0.0, 1.0]], [[-0.5358266234397888, 0.5975127816200256, -0.5965466499328613, -0.601202227783588], [-0.8443279266357422, -0.3791930377483368, 0.37857991456985474, 0.38153440448370113], [-2.9802322387695312e-08, 0.7065343856811523, 0.707678496837616, 0.7132013546759124], [0.0, 0.0, 0.0, 1.0]], [[-0.4817533791065216, 0.6169499158859253, -0.622323215007782, -0.6271798633998961], [-0.8763065934181213, -0.339170902967453, 0.34212490916252136, 0.344794888243052], [1.4901158529312397e-08, 0.7101659774780273, 0.704034149646759, 0.7095284968206792], [0.0, 0.0, 0.0, 1.0]], [[-0.42577895522117615, 0.6335193514823914, -0.6460381746292114, -0.6510798746892593], [-0.9048269391059875, -0.2981113791465759, 0.3040023148059845, 0.3063747827810864], [1.4901156752955558e-08, 0.7139906883239746, 0.7001550793647766, 0.7056191226316925], [0.0, 0.0, 0.0, 1.0]], [[-0.3681243360042572, 0.6471632122993469, -0.667580783367157, -0.6727906197431294], [-0.9297767877578735, -0.25622981786727905, 0.2643136978149414, 0.26637643148113466], [0.0, 0.7180013060569763, 0.6960416436195374, 0.7014735897445373], [0.0, 0.0, 0.0, 1.0]], [[-0.30901676416397095, 0.6578409075737, -0.6868433952331543, -0.6922035561613638], [-0.9510566592216492, -0.21374528110027313, 0.22316874563694, 0.224910373542024], [0.0, 0.7221899032592773, 0.6916947364807129, 0.6970927922481771], [0.0, 0.0, 0.0, 1.0]], [[-0.24868960678577423, 0.6655282974243164, -0.7037226557731628, -0.7092145523827054], [-0.9685831665992737, -0.17087841033935547, 0.18068504333496094, 0.18209512045583753], [0.0, 0.7265485525131226, 0.6871150732040405, 0.6924773858078517], [0.0, 0.0, 0.0, 1.0]], [[-0.18738096952438354, 0.6702184677124023, -0.7181195020675659, -0.7237237684729211], [-0.9822871088981628, -0.12785077095031738, 0.13698837161064148, 0.13805743913608592], [7.4505792646561986e-09, 0.7310687303543091, 0.6823037266731262, 0.6876284433303168], [0.0, 0.0, 0.0, 1.0]], [[-0.12533289194107056, 0.67192143201828, -0.7299404740333557, -0.735636967455281], [-0.992114782333374, -0.0848831832408905, 0.09221266955137253, 0.09293229976251804], [-3.725290298461914e-09, 0.7357420921325684, 0.6772617697715759, 0.6825471569341903], [0.0, 0.0, 0.0, 1.0]], [[-0.062790147960186, 0.6706648468971252, -0.7390980124473572, -0.7448659921580053], [-0.9980267882347107, -0.04219440743327141, 0.0464998297393322, 0.04686271559018156], [-1.862645149230957e-09, 0.7405593395233154, 0.6719908118247986, 0.6772350763736753], [0.0, 0.0, 0.0, 1.0]], [[4.0133917877938075e-07, 0.6664924621582031, -0.7455117106437683, -0.751329718909159], [-0.9999999403953552, 2.6748955406219466e-07, -2.9920306587882806e-07, -3.0153807751867157e-07], [0.0, 0.7455117702484131, 0.6664924025535583, 0.6716937514029746], [0.0, 0.0, 0.0, 1.0]], [[0.06279095262289047, 0.6594647169113159, -0.7491084337234497, -0.7549545343840984], [-0.9980267882347107, 0.04149028658866882, -0.04713023081421852, -0.04749803658063663], [0.0, 0.7505896687507629, 0.6607685685157776, 0.6659252682296692], [0.0, 0.0, 0.0, 1.0]], [[0.12533369660377502, 0.6496580839157104, -0.749823808670044, -0.7556754681181584], [-0.9921146631240845, 0.0820712074637413, -0.0947251170873642, -0.09546436715727513], [0.0, 0.7557835578918457, 0.6548214554786682, 0.6599317130613404], [0.0, 0.0, 0.0, 1.0]], [[0.187381774187088, 0.6371641159057617, -0.7476027011871338, -0.7534370269896846], [-0.9822871685028076, 0.12154585868120193, -0.14261320233345032, -0.1437261717840544], [0.0, 0.7610835433006287, 0.6486536264419556, 0.6537157681648776], [0.0, 0.0, 0.0, 1.0]], [[0.2486903816461563, 0.6220898032188416, -0.7423996925354004, -0.748193433643757], [-0.9685830473899841, 0.1597258448600769, -0.19061625003814697, -0.19210383543899232], [-7.450580596923828e-09, 0.7664802670478821, 0.6422677636146545, 0.6472800562012401], [0.0, 0.0, 0.0, 1.0]], [[0.30901747941970825, 0.6045553088188171, -0.7341805100440979, -0.7399100570345309], [-0.9510563015937805, 0.19643229246139526, -0.23855014145374298, -0.24041177505627692], [0.0, 0.7719632387161255, 0.6356672048568726, 0.6406279151025573], [0.0, 0.0, 0.0, 1.0]], [[0.3681250810623169, 0.5846945643424988, -0.7229219079017639, -0.7285636508489612], [-0.9297763109207153, 0.2314973622560501, -0.28622549772262573, -0.28845923675559193], [1.4901161193847656e-08, 0.7775224447250366, 0.6288550496101379, 0.6337626828009589], [0.0, 0.0, 0.0, 1.0]], [[0.42577993869781494, 0.5626534223556519, -0.7086130976676941, -0.714143187989834], [-0.9048269987106323, 0.26476502418518066, -0.3334485590457916, -0.336050817394012], [-1.4901164746561335e-08, 0.7831478714942932, 0.6218354105949402, 0.6266882336819525], [0.0, 0.0, 0.0, 1.0]], [[0.4817541539669037, 0.53858882188797, -0.6912561655044556, -0.6966507546647304], [-0.876306414604187, 0.29609209299087524, -0.3800217807292938, -0.3829875374727586], [-1.4901160305669237e-08, 0.788829505443573, 0.6146122217178345, 0.619408680554769], [0.0, 0.0, 0.0, 1.0]], [[0.5358273386955261, 0.5126674771308899, -0.6708658933639526, -0.6761013715682332], [-0.8443275690078735, 0.3253491222858429, -0.42574504017829895, -0.4290676011128189], [-1.4901161193847656e-08, 0.7945564985275269, 0.6071901321411133, 0.6119286726820177], [0.0, 0.0, 0.0, 1.0]], [[0.5877858400344849, 0.48506537079811096, -0.6474714875221252, -0.6525244244242693], [-0.8090167045593262, 0.3524211347103119, -0.47041621804237366, -0.474087394454288], [1.4901162970204496e-08, 0.800319254398346, 0.5995739698410034, 0.604253097750031], [0.0, 0.0, 0.0, 1.0]], [[0.637424647808075, 0.4559655785560608, -0.6211159825325012, -0.6259633063505231], [-0.7705128192901611, 0.3772081434726715, -0.5138326287269592, -0.5178426777749868], [0.0, 0.8061074614524841, 0.5917689204216003, 0.5963872010807271], [0.0, 0.0, 0.0, 1.0]], [[0.6845475435256958, 0.4255577623844147, -0.591857373714447, -0.59647625234147], [-0.7289681434631348, 0.39962583780288696, -0.5557917952537537, -0.5601292709586672], [-1.4901161193847656e-08, 0.8119112253189087, 0.583780825138092, 0.5883367048434707], [0.0, 0.0, 0.0, 1.0]], [[0.728969156742096, 0.3940356373786926, -0.5597675442695618, -0.5641361008446518], [-0.6845465302467346, 0.4196060001850128, -0.5960928201675415, -0.6007448118699728], [1.4901162970204496e-08, 0.8177202939987183, 0.5756154656410217, 0.5801076888432122], [0.0, 0.0, 0.0, 1.0]], [[0.7705137133598328, 0.3615972101688385, -0.5249342918395996, -0.5290308898199865], [-0.6374233961105347, 0.43709665536880493, -0.6345375776290894, -0.6394895014285753], [0.0, 0.8235252499580383, 0.5672795176506042, 0.5717065309145564], [0.0, 0.0, 0.0, 1.0]], [[0.8090173006057739, 0.3284419775009155, -0.48745930194854736, -0.49126349910418243], [-0.5877845883369446, 0.45206233859062195, -0.6709312796592712, -0.6761672957277925], [0.0, 0.8293163180351257, 0.5587793588638306, 0.5631401453454861], [0.0, 0.0, 0.0, 1.0]], [[0.8443283438682556, 0.2947700321674347, -0.44745972752571106, -0.4509517398196348], [-0.5358261466026306, 0.4644840657711029, -0.7050849795341492, -0.7105875153947218], [0.0, 0.8350839018821716, 0.5501224398612976, 0.5544156252417766], [0.0, 0.0, 0.0, 1.0]], [[0.8763073086738586, 0.2607807517051697, -0.40506693720817566, -0.4082281457536675], [-0.48175305128097534, 0.474359393119812, -0.7368155717849731, -0.7425657396792033], [0.0, 0.8408190011978149, 0.5413162708282471, 0.5455407789803738], [0.0, 0.0, 0.0, 1.0]], [[0.9048276543617249, 0.22667115926742554, -0.36042678356170654, -0.36323958591998234], [-0.4257785677909851, 0.48170188069343567, -0.7659476399421692, -0.7719251773902306], [1.4901164746561335e-08, 0.8465123772621155, 0.5323687791824341, 0.5365234149382238], [0.0, 0.0, 0.0, 1.0]], [[0.9297770261764526, 0.19263479113578796, -0.3136987090110779, -0.316146847317143], [-0.36812376976013184, 0.4865412712097168, -0.7923145294189453, -0.7984978590145685], [1.4901164746561335e-08, 0.8521557450294495, 0.5232881307601929, 0.5273719375515814], [0.0, 0.0, 0.0, 1.0]], [[0.951056718826294, 0.1588599979877472, -0.2650555968284607, -0.2671240984751968], [-0.3090161085128784, 0.4889223277568817, -0.8157597780227661, -0.8221259480472322], [0.0, 0.8577403426170349, 0.514083206653595, 0.5180951088922869], [0.0, 0.0, 0.0, 1.0]], [[0.9685832858085632, 0.125528946518898, -0.21468277275562286, -0.2163581592830217], [-0.2486889362335205, 0.4889048933982849, -0.8361374735832214, -0.8426626946863816], [0.0, 0.8632583618164062, 0.5047627091407776, 0.508701869849973], [0.0, 0.0, 0.0, 1.0]], [[0.9822871685028076, 0.09281624108552933, -0.16277757287025452, -0.16404790492901708], [-0.18738031387329102, 0.4865623116493225, -0.8533144593238831, -0.8599737471638007], [0.0, 0.8687012791633606, 0.49533